31,156,31,156
31,158,31,172
31,322,31,322
31,324,31,352
31,354,31,354
32,149,32,149
32,151,32,159
32,161,32,161
32,163,32,165
32,167,32,167
32,169,32,178
32,315,32,326
32,328,32,328
32,331,32,331
32,342,32,342
32,345,32,345
32,347,32,348
32,350,32,361
32,363,32,363
33,145,33,151
33,177,33,182
33,221,33,234
33,307,33,316
33,318,33,318
33,357,33,358
33,360,33,367
33,369,33,369
34,145,34,146
34,181,34,185
34,215,34,222
34,225,34,225
34,230,34,230
34,232,34,232
34,234,34,240
34,303,34,308
34,310,34,310
34,366,34,366
34,368,34,373
35,145,35,145
35,185,35,188
35,213,35,217
35,238,35,243
35,300,35,304
35,371,35,379
36,145,36,145
36,187,36,191
36,210,36,213
36,243,36,246
36,296,36,301
36,377,36,382
37,145,37,146
37,191,37,193
37,208,37,210
37,245,37,249
37,293,37,296
37,382,37,388
38,145,38,146
38,193,38,195
38,206,38,208
38,249,38,251
38,290,38,294
38,386,38,391
39,145,39,146
39,195,39,197
39,204,39,206
39,251,39,253
39,287,39,290
39,391,39,394
40,146,40,146
40,197,40,199
40,202,40,204
40,253,40,255
40,284,40,288
40,392,40,392
40,394,40,397
41,146,41,146
41,199,41,202
41,255,41,257
41,282,41,285
41,397,41,400
42,146,42,146
42,200,42,202
42,257,42,259
42,280,42,282
42,398,42,400
43,146,43,147
43,202,43,204
43,259,43,261
43,277,43,280
43,398,43,400
44,119,44,119
44,146,44,147
44,203,44,205
44,260,44,262
44,275,44,278
44,398,44,398
45,118,45,120
45,147,45,147
45,205,45,207
45,262,45,263
45,274,45,275
45,397,45,398
46,117,46,118
46,120,46,121
46,147,46,148
46,206,46,208
46,263,46,265
46,271,46,274
46,397,46,398
47,117,47,117
47,121,47,123
47,147,47,147
47,208,47,209
47,265,47,266
47,270,47,272
47,397,47,397
48,116,48,117
48,122,48,124
48,147,48,148
48,208,48,210
48,266,48,270
48,396,48,397
49,116,49,116
49,124,49,126
49,148,49,148
49,210,49,212
49,268,49,269
49,327,49,327
49,329,49,348
49,396,49,396
50,115,50,115
50,125,50,127
50,148,50,148
50,211,50,212
50,269,50,271
50,320,50,331
50,333,50,333
50,336,50,336
50,340,50,340
50,342,50,342
50,345,50,354
50,357,50,357
50,395,50,396
51,114,51,115
51,127,51,128
51,148,51,148
51,212,51,214
51,270,51,272
51,316,51,321
51,323,51,323
51,352,51,352
51,354,51,362
51,395,51,395
52,114,52,114
52,128,52,129
52,148,52,149
52,174,52,174
52,176,52,176
52,178,52,178
52,180,52,180
52,214,52,215
52,271,52,274
52,311,52,316
52,359,52,368
52,395,52,395
53,113,53,114
53,129,53,131
53,148,53,149
53,171,53,185
53,214,53,216
53,221,53,221
53,223,53,233
53,273,53,274
53,308,53,313
53,365,53,365
53,367,53,369
53,394,53,395
54,112,54,113
54,131,54,131
54,149,54,149
54,172,54,172
54,183,54,188
54,215,54,226
54,228,54,228
54,230,54,238
54,240,54,240
54,274,54,276
54,304,54,308
54,336,54,336
54,368,54,369
54,393,54,394
55,112,55,113
55,131,55,133
55,149,55,150
55,172,55,173
55,188,55,191
55,216,55,217
55,237,55,242
55,275,55,277
55,302,55,305
55,331,55,342
55,368,55,368
55,393,55,393
56,111,56,112
56,133,56,134
56,149,56,150
56,172,56,172
56,188,56,192
56,217,56,218
56,241,56,245
56,276,56,278
56,299,56,302
56,328,56,332
56,341,56,345
56,367,56,368
56,392,56,393
57,111,57,111
57,134,57,135
57,150,57,150
57,172,57,173
57,188,57,188
57,192,57,194
57,218,57,219
57,245,57,248
57,278,57,279
57,297,57,300
57,326,57,328
57,345,57,347
57,366,57,367
57,392,57,392
58,110,58,111
58,135,58,136
58,150,58,151
58,172,58,173
58,188,58,188
58,194,58,196
58,219,58,220
58,247,58,249
58,278,58,280
58,294,58,297
58,324,58,326
58,347,58,349
58,366,58,366
58,391,58,392
59,109,59,110
59,136,59,137
59,150,59,151
59,173,59,173
59,187,59,188
59,195,59,197
59,220,59,221
59,249,59,251
59,280,59,281
59,292,59,294
59,323,59,324
59,349,59,350
59,365,59,366
59,390,59,391
60,109,60,109
60,137,60,138
60,151,60,151
60,173,60,173
60,187,60,188
60,197,60,198
60,221,60,221
60,251,60,253
60,280,60,282
60,289,60,292
60,322,60,323
60,350,60,351
60,364,60,365
60,390,60,390
61,108,61,109
61,138,61,139
61,151,61,151
61,173,61,174
61,187,61,187
61,198,61,199
61,221,61,222
61,249,61,254
61,282,61,283
61,287,61,290
61,320,61,322
61,351,61,353
61,363,61,364
61,389,61,390
62,108,62,108
62,139,62,140
62,151,62,152
62,173,62,174
62,186,62,187
62,199,62,200
62,222,62,223
62,248,62,250
62,254,62,256
62,283,62,283
62,285,62,288
62,319,62,320
62,353,62,354
62,362,62,363
62,388,62,389
63,107,63,108
63,140,63,141
63,152,63,152
63,173,63,174
63,186,63,186
63,200,63,201
63,223,63,223
63,246,63,248
63,255,63,257
63,283,63,285
63,318,63,319
63,354,63,355
63,361,63,362
63,388,63,388
64,107,64,108
64,141,64,142
64,152,64,153
64,174,64,174
64,186,64,187
64,201,64,202
64,224,64,224
64,244,64,246
64,257,64,258
64,285,64,285
64,317,64,318
64,355,64,356
64,359,64,361
64,387,64,388
65,106,65,107
65,142,65,142
65,152,65,153
65,174,65,174
65,186,65,186
65,201,65,202
65,224,65,225
65,243,65,244
65,258,65,260
65,285,65,286
65,317,65,317
65,356,65,360
65,386,65,387
66,106,66,106
66,142,66,143
66,153,66,153
66,174,66,175
66,186,66,186
66,202,66,203
66,225,66,225
66,241,66,243
66,260,66,261
66,286,66,287
66,316,66,317
66,357,66,358
66,385,66,386
67,105,67,106
67,144,67,144
67,153,67,153
67,174,67,175
67,185,67,186
67,203,67,204
67,225,67,226
67,239,67,241
67,261,67,262
67,287,67,288
67,315,67,316
67,355,67,357
67,384,67,385
68,105,68,106
68,144,68,145
68,153,68,154
68,175,68,175
68,186,68,186
68,203,68,204
68,226,68,227
68,238,68,239
68,262,68,263
68,288,68,289
68,314,68,315
68,352,68,355
68,384,68,384
69,105,69,105
69,145,69,146
69,154,69,154
69,175,69,175
69,185,69,186
69,204,69,205
69,227,69,227
69,236,69,237
69,263,69,264
69,289,69,290
69,314,69,314
69,350,69,353
69,382,69,383
70,104,70,105
70,146,70,147
70,154,70,155
70,175,70,176
70,185,70,186
70,205,70,206
70,227,70,228
70,234,70,236
70,264,70,265
70,290,70,290
70,313,70,314
70,347,70,351
70,381,70,382
71,104,71,104
71,124,71,126
71,147,71,147
71,155,71,155
71,175,71,176
71,186,71,186
71,205,71,206
71,228,71,228
71,232,71,234
71,264,71,265
71,290,71,291
71,313,71,313
71,344,71,348
71,381,71,382
72,103,72,104
72,123,72,124
72,126,72,127
72,147,72,148
72,155,72,155
72,176,72,176
72,186,72,186
72,206,72,207
72,228,72,232
72,265,72,266
72,292,72,292
72,298,72,298
72,300,72,300
72,302,72,302
72,304,72,304
72,306,72,306
72,312,72,313
72,339,72,339
72,341,72,346
72,379,72,380
73,103,73,103
73,123,73,124
73,127,73,128
73,148,73,149
73,155,73,156
73,176,73,176
73,186,73,186
73,207,73,209
73,225,73,230
73,266,73,267
73,291,73,312
73,334,73,342
73,378,73,379
74,103,74,103
74,123,74,123
74,128,74,129
74,149,74,150
74,155,74,156
74,176,74,177
74,186,74,186
74,209,74,212
74,223,74,226
74,265,74,268
74,285,74,293
74,295,74,295
74,310,74,311
74,332,74,334
74,337,74,337
74,377,74,378
75,102,75,103
75,122,75,123
75,129,75,130
75,150,75,151
75,156,75,156
75,177,75,177
75,186,75,187
75,211,75,224
75,264,75,265
75,268,75,268
75,281,75,288
75,310,75,311
75,332,75,333
75,376,75,377
76,102,76,102
76,122,76,122
76,130,76,131
76,151,76,151
76,156,76,157
76,177,76,177
76,186,76,187
76,216,76,216
76,218,76,218
76,220,76,220
76,262,76,264
76,269,76,269
76,277,76,283
76,310,76,310
76,330,76,332
76,375,76,376
77,101,77,102
77,121,77,122
77,131,77,132
77,151,77,152
77,157,77,157
77,177,77,178
77,187,77,187
77,261,77,262
77,269,77,270
77,275,77,279
77,309,77,310
77,330,77,331
77,374,77,375
78,101,78,102
78,121,78,121
78,132,78,133
78,152,78,153
78,157,78,158
78,178,78,178
78,187,78,188
78,259,78,261
78,270,78,275
78,309,78,310
78,329,78,330
78,372,78,374
79,101,79,102
79,120,79,121
79,133,79,134
79,153,79,153
79,158,79,158
79,178,79,179
79,188,79,188
79,258,79,259
79,269,79,272
79,308,79,310
79,328,79,329
79,371,79,372
80,101,80,101
80,120,80,120
80,134,80,135
80,154,80,154
80,158,80,159
80,179,80,179
80,188,80,189
80,255,80,257
80,267,80,270
80,308,80,309
80,328,80,329
80,370,80,371
81,100,81,101
81,119,81,120
81,135,81,136
81,154,81,155
81,159,81,159
81,179,81,180
81,189,81,190
81,254,81,256
81,265,81,268
81,308,81,309
81,327,81,328
81,368,81,370
82,100,82,101
82,119,82,120
82,136,82,136
82,155,82,156
82,159,82,160
82,179,82,180
82,190,82,190
82,252,82,254
82,263,82,265
82,307,82,308
82,326,82,328
82,366,82,368
83,100,83,100
83,119,83,119
83,136,83,137
83,155,83,156
83,160,83,160
83,180,83,180
83,190,83,191
83,250,83,252
83,260,83,263
83,307,83,308
83,326,83,327
83,365,83,366
84,99,84,100
84,118,84,119
84,137,84,138
84,156,84,157
84,160,84,161
84,180,84,181
84,191,84,192
84,248,84,251
84,258,84,260
84,307,84,308
84,325,84,327
84,363,84,365
85,99,85,100
85,118,85,118
85,138,85,139
85,157,85,157
85,161,85,161
85,181,85,181
85,192,85,193
85,246,85,248
85,257,85,259
85,306,85,307
85,325,85,326
85,361,85,364
86,99,86,99
86,118,86,118
86,139,86,139
86,157,86,158
86,161,86,161
86,181,86,182
86,193,86,195
86,243,86,246
86,255,86,257
86,306,86,307
86,325,86,326
86,359,86,361
86,363,86,364
87,99,87,99
87,117,87,118
87,139,87,140
87,158,87,159
87,161,87,162
87,182,87,183
87,195,87,197
87,241,87,244
87,254,87,255
87,306,87,307
87,325,87,325
87,357,87,360
87,364,87,364
88,99,88,99
88,117,88,118
88,140,88,141
88,158,88,159
88,162,88,163
88,183,88,183
88,196,88,199
88,238,88,241
88,252,88,253
88,306,88,307
88,324,88,325
88,355,88,358
88,364,88,364
89,98,89,99
89,117,89,117
89,141,89,141
89,159,89,160
89,162,89,163
89,183,89,184
89,199,89,200
89,234,89,238
89,250,89,252
89,305,89,306
89,324,89,325
89,352,89,356
89,363,89,364
90,98,90,99
90,117,90,117
90,141,90,142
90,160,90,160
90,163,90,164
90,184,90,185
90,200,90,204
90,231,90,237
90,249,90,250
90,305,90,306
90,324,90,324
90,350,90,353
90,364,90,364
91,98,91,98
91,116,91,117
91,142,91,143
91,160,91,161
91,164,91,164
91,185,91,185
91,203,91,209
91,211,91,211
91,223,91,224
91,226,91,233
91,237,91,238
91,248,91,249
91,305,91,306
91,324,91,324
91,346,91,351
91,363,91,364
92,98,92,99
92,117,92,117
92,143,92,143
92,161,92,161
92,164,92,165
92,185,92,186
92,207,92,229
92,237,92,238
92,247,92,248
92,295,92,296
92,298,92,298
92,300,92,300
92,302,92,302
92,305,92,306
92,324,92,324
92,343,92,348
92,363,92,364
93,98,93,98
93,116,93,117
93,143,93,144
93,161,93,162
93,165,93,165
93,186,93,186
93,213,93,214
93,216,93,221
93,238,93,238
93,245,93,247
93,287,93,287
93,289,93,306
93,324,93,324
93,338,93,344
93,364,93,364
94,98,94,98
94,116,94,118
94,120,94,120
94,144,94,144
94,162,94,163
94,165,94,166
94,186,94,187
94,216,94,217
94,238,94,239
94,244,94,245
94,283,94,290
94,292,94,292
94,301,94,302
94,305,94,306
94,323,94,340
94,342,94,342
94,363,94,364
95,97,95,98
95,116,95,124
95,144,95,145
95,163,95,163
95,166,95,167
95,187,95,188
95,217,95,217
95,239,95,239
95,243,95,244
95,279,95,285
95,287,95,287
95,301,95,301
95,305,95,305
95,324,95,324
95,326,95,326
95,329,95,331
95,333,95,333
95,335,95,335
95,341,95,342
95,363,95,364
96,97,96,98
96,116,96,117
96,123,96,128
96,145,96,146
96,163,96,163
96,166,96,167
96,188,96,189
96,217,96,218
96,239,96,240
96,242,96,243
96,277,96,281
96,301,96,302
96,305,96,305
96,323,96,324
96,341,96,341
96,363,96,364
97,98,97,98
97,116,97,117
97,127,97,130
97,146,97,146
97,163,97,164
97,167,97,168
97,189,97,190
97,218,97,218
97,240,97,242
97,275,97,278
97,280,97,281
97,301,97,302
97,304,97,305
97,323,97,323
97,341,97,341
97,363,97,363
98,97,98,98
98,116,98,116
98,130,98,133
98,146,98,146
98,164,98,165
98,168,98,168
98,190,98,191
98,218,98,219
98,240,98,241
98,272,98,275
98,281,98,281
98,302,98,302
98,305,98,305
98,323,98,324
98,340,98,341
98,362,98,363
99,98,99,98
99,116,99,117
99,132,99,134
99,146,99,147
99,164,99,165
99,168,99,169
99,190,99,191
99,219,99,219
99,241,99,242
99,270,99,272
99,280,99,281
99,302,99,302
99,304,99,305
99,323,99,324
99,340,99,341
99,363,99,363
100,97,100,98
100,116,100,117
100,134,100,136
100,147,100,148
100,165,100,166
100,169,100,169
100,191,100,192
100,219,100,220
100,241,100,242
100,269,100,270
100,281,100,281
100,302,100,302
100,305,100,305
100,324,100,324
100,339,100,340
100,362,100,363
101,95,101,98
101,116,101,117
101,136,101,137
101,148,101,148
101,165,101,166
101,169,101,170
101,192,101,193
101,220,101,221
101,242,101,243
101,267,101,269
101,281,101,281
101,301,101,302
101,304,101,305
101,323,101,323
101,339,101,339
101,362,101,362
102,94,102,95
102,97,102,98
102,117,102,117
102,137,102,138
102,148,102,148
102,166,102,166
102,170,102,171
102,193,102,194
102,221,102,221
102,243,102,243
102,265,102,267
102,281,102,282
102,302,102,302
102,305,102,305
102,323,102,324
102,339,102,339
102,362,102,362
103,92,103,94
103,97,103,98
103,116,103,117
103,138,103,139
103,148,103,149
103,166,103,167
103,171,103,172
103,194,103,195
103,221,103,222
103,243,103,244
103,264,103,265
103,281,103,282
103,302,103,302
103,304,103,305
103,324,103,324
103,338,103,339
103,361,103,362
104,91,104,93
104,97,104,98
104,116,104,117
104,139,104,140
104,149,104,150
104,167,104,167
104,172,104,172
104,195,104,196
104,222,104,222
104,244,104,245
104,263,104,264
104,282,104,282
104,302,104,302
104,304,104,305
104,323,104,324
104,337,104,338
104,361,104,361
105,90,105,91
105,97,105,98
105,117,105,117
105,140,105,141
105,149,105,150
105,167,105,168
105,172,105,173
105,196,105,197
105,222,105,223
105,245,105,246
105,261,105,263
105,281,105,282
105,302,105,302
105,304,105,304
105,324,105,324
105,337,105,338
105,360,105,361
106,88,106,90
106,98,106,98
106,117,106,117
106,141,106,141
106,150,106,150
106,168,106,168
106,173,106,174
106,197,106,198
106,223,106,224
106,246,106,246
106,260,106,261
106,281,106,282
106,302,106,302
106,304,106,305
106,323,106,324
106,336,106,337
106,360,106,360
107,87,107,88
107,98,107,99
107,117,107,118
107,141,107,142
107,150,107,151
107,168,107,169
107,173,107,174
107,198,107,199
107,224,107,224
107,246,107,247
107,259,107,260
107,282,107,282
107,301,107,302
107,304,107,304
107,324,107,324
107,336,107,336
107,359,107,360
108,86,108,87
108,98,108,99
108,118,108,118
108,142,108,142
108,151,108,151
108,168,108,169
108,174,108,175
108,199,108,200
108,224,108,225
108,247,108,248
108,258,108,259
108,282,108,282
108,302,108,302
108,304,108,305
108,324,108,324
108,335,108,336
108,359,108,360
109,85,109,86
109,98,109,99
109,118,109,119
109,142,109,143
109,151,109,152
109,169,109,169
109,175,109,176
109,200,109,201
109,225,109,226
109,248,109,249
109,257,109,258
109,282,109,282
109,302,109,302
109,304,109,305
109,324,109,324
109,334,109,335
109,358,109,359
110,84,110,85
110,98,110,99
110,118,110,119
110,142,110,143
110,152,110,152
110,169,110,170
110,176,110,177
110,201,110,202
110,226,110,226
110,249,110,249
110,256,110,256
110,282,110,282
110,301,110,302
110,304,110,304
110,324,110,324
110,333,110,334
110,358,110,358
111,83,111,84
111,99,111,99
111,119,111,120
111,143,111,143
111,152,111,153
111,170,111,170
111,177,111,177
111,202,111,203
111,226,111,227
111,249,111,251
111,255,111,256
111,281,111,282
111,301,111,302
111,304,111,305
111,324,111,325
111,332,111,333
111,357,111,358
112,82,112,83
112,98,112,99
112,119,112,121
112,143,112,143
112,152,112,153
112,170,112,170
112,177,112,178
112,203,112,204
112,226,112,228
112,250,112,251
112,254,112,255
112,282,112,282
112,301,112,302
112,304,112,304
112,324,112,324
112,332,112,332
112,357,112,357
113,81,113,82
113,99,113,99
113,120,113,122
113,143,113,143
113,153,113,153
113,170,113,171
113,178,113,179
113,204,113,205
113,225,113,226
113,228,113,229
113,251,113,254
113,281,113,282
113,301,113,302
113,304,113,305
113,324,113,325
113,330,113,332
113,356,113,357
114,80,114,81
114,99,114,100
114,121,114,124
114,143,114,144
114,153,114,153
114,171,114,171
114,179,114,180
114,205,114,206
114,224,114,225
114,228,114,230
114,252,114,254
114,281,114,282
114,301,114,302
114,305,114,305
114,324,114,325
114,329,114,331
114,355,114,356
115,80,115,80
115,99,115,100
115,121,115,122
115,124,115,124
115,143,115,143
115,153,115,154
115,171,115,171
115,180,115,181
115,206,115,207
115,224,115,224
115,229,115,231
115,254,115,255
115,282,115,282
115,301,115,301
115,304,115,305
115,324,115,324
115,328,115,329
115,354,115,355
116,79,116,79
116,99,116,100
116,122,116,124
116,143,116,144
116,154,116,154
116,171,116,172
116,181,116,181
116,207,116,209
116,223,116,224
116,230,116,232
116,255,116,256
116,281,116,282
116,301,116,302
116,304,116,305
116,324,116,324
116,327,116,328
116,354,116,354
117,78,117,79
117,100,117,101
117,122,117,124
117,143,117,143
117,154,117,155
117,171,117,172
117,181,117,182
117,208,117,209
117,223,117,224
117,231,117,232
117,256,117,258
117,281,117,282
117,301,117,301
117,305,117,305
117,324,117,327
117,353,117,354
118,77,118,78
118,100,118,101
118,123,118,124
118,143,118,144
118,154,118,155
118,172,118,172
118,182,118,183
118,210,118,211
118,222,118,223
118,232,118,233
118,258,118,259
118,281,118,281
118,301,118,301
118,305,118,305
118,324,118,326
118,352,118,353
119,77,119,77
119,100,119,101
119,123,119,123
119,143,119,143
119,155,119,155
119,172,119,173
119,183,119,184
119,211,119,212
119,222,119,222
119,233,119,234
119,259,119,260
119,281,119,281
119,300,119,301
119,305,119,306
119,322,119,324
119,351,119,352
120,76,120,77
120,98,120,102
120,122,120,123
120,143,120,143
120,155,120,155
120,173,120,173
120,184,120,185
120,212,120,213
120,221,120,222
120,234,120,235
120,261,120,262
120,281,120,281
120,300,120,301
120,305,120,305
120,321,120,323
120,350,120,351
121,76,121,76
121,98,121,99
121,102,121,102
121,122,121,123
121,143,121,143
121,155,121,156
121,173,121,173
121,185,121,186
121,213,121,214
121,221,121,221
121,235,121,236
121,262,121,263
121,281,121,281
121,300,121,301
121,305,121,306
121,319,121,321
121,349,121,350
122,75,122,76
122,97,122,97
122,102,122,103
122,122,122,122
122,142,122,143
122,156,122,156
122,173,122,174
122,186,122,187
122,214,122,216
122,220,122,221
122,236,122,237
122,263,122,266
122,280,122,281
122,300,122,300
122,305,122,306
122,317,122,319
122,348,122,349
123,74,123,75
123,96,123,97
123,103,123,103
123,121,123,122
123,142,123,143
123,156,123,156
123,173,123,174
123,187,123,188
123,216,123,217
123,220,123,220
123,237,123,238
123,265,123,267
123,280,123,281
123,300,123,300
123,306,123,306
123,315,123,317
123,347,123,348
124,74,124,74
124,95,124,96
124,103,124,104
124,121,124,121
124,142,124,142
124,156,124,157
124,174,124,174
124,188,124,189
124,217,124,218
124,220,124,220
124,238,124,239
124,267,124,270
124,280,124,280
124,300,124,300
124,306,124,306
124,311,124,315
124,345,124,347
125,73,125,74
125,94,125,95
125,104,125,104
125,120,125,121
125,141,125,142
125,156,125,157
125,174,125,175
125,189,125,190
125,218,125,220
125,239,125,240
125,269,125,272
125,280,125,280
125,299,125,300
125,305,125,312
125,345,125,345
126,73,126,74
126,93,126,94
126,104,126,105
126,119,126,120
126,141,126,141
126,157,126,157
126,174,126,175
126,190,126,191
126,219,126,219
126,240,126,241
126,272,126,275
126,279,126,280
126,299,126,308
126,343,126,344
127,73,127,73
127,93,127,93
127,105,127,105
127,119,127,120
127,140,127,141
127,157,127,157
127,175,127,175
127,191,127,192
127,218,127,219
127,241,127,242
127,274,127,280
127,299,127,302
127,342,127,343
128,72,128,73
128,92,128,93
128,105,128,106
128,118,128,119
128,140,128,141
128,157,128,157
128,175,128,175
128,192,128,193
128,218,128,219
128,240,128,243
128,278,128,279
128,299,128,299
128,340,128,342
129,72,129,72
129,92,129,92
129,106,129,107
129,117,129,118
129,139,129,140
129,157,129,158
129,175,129,176
129,193,129,194
129,217,129,218
129,240,129,240
129,243,129,244
129,278,129,279
129,299,129,299
129,339,129,340
130,71,130,72
130,91,130,91
130,107,130,107
130,116,130,117
130,139,130,139
130,158,130,158
130,175,130,176
130,194,130,195
130,217,130,218
130,239,130,239
130,244,130,245
130,278,130,279
130,298,130,299
130,338,130,339
131,71,131,72
131,91,131,91
131,107,131,108
131,115,131,116
131,139,131,139
131,158,131,158
131,176,131,176
131,196,131,196
131,217,131,217
131,239,131,239
131,245,131,247
131,277,131,278
131,298,131,299
131,336,131,338
132,71,132,71
132,108,132,109
132,113,132,115
132,138,132,139
132,158,132,159
132,175,132,176
132,197,132,197
132,217,132,217
132,238,132,238
132,247,132,248
132,277,132,278
132,298,132,298
132,334,132,336
133,71,133,71
133,109,133,110
133,113,133,114
133,137,133,138
133,158,133,159
133,176,133,176
133,198,133,199
133,216,133,217
133,237,133,239
133,248,133,249
133,277,133,277
133,297,133,298
133,333,133,334
134,70,134,71
134,110,134,113
134,137,134,137
134,159,134,159
134,176,134,177
134,199,134,201
134,216,134,217
134,237,134,242
134,249,134,251
134,276,134,277
134,297,134,297
134,331,134,333
135,70,135,70
135,110,135,111
135,136,135,138
135,159,135,159
135,176,135,177
135,201,135,202
135,216,135,216
135,236,135,237
135,241,135,244
135,251,135,252
135,276,135,276
135,296,135,298
135,329,135,331
136,70,136,70
136,109,136,110
136,135,136,136
136,138,136,139
136,159,136,159
136,177,136,177
136,202,136,203
136,216,136,216
136,236,136,236
136,244,136,247
136,252,136,253
136,275,136,276
136,296,136,297
136,327,136,329
137,70,137,70
137,107,137,109
137,134,137,135
137,139,137,139
137,159,137,159
137,177,137,177
137,203,137,205
137,215,137,216
137,235,137,236
137,246,137,248
137,253,137,255
137,275,137,276
137,296,137,296
137,325,137,327
138,69,138,70
138,106,138,107
138,134,138,134
138,139,138,140
138,159,138,160
138,177,138,177
138,205,138,206
138,215,138,215
138,235,138,236
138,248,138,250
138,255,138,256
138,274,138,275
138,296,138,296
138,323,138,325
139,69,139,70
139,104,139,106
139,133,139,134
139,140,139,141
139,159,139,160
139,177,139,178
139,206,139,208
139,215,139,215
139,234,139,235
139,250,139,253
139,256,139,258
139,274,139,274
139,295,139,296
139,320,139,325
140,69,140,70
140,102,140,104
140,132,140,133
140,141,140,142
140,159,140,160
140,177,140,178
140,207,140,209
140,215,140,215
140,234,140,235
140,253,140,255
140,258,140,260
140,273,140,274
140,295,140,296
140,318,140,321
140,324,140,325
141,69,141,69
141,100,141,102
141,131,141,132
141,141,141,142
141,160,141,160
141,178,141,178
141,209,141,211
141,214,141,215
141,234,141,234
141,254,141,256
141,259,141,261
141,272,141,273
141,294,141,295
141,315,141,319
141,324,141,324
142,69,142,69
142,99,142,100
142,130,142,131
142,142,142,143
142,160,142,160
142,177,142,178
142,211,142,212
142,214,142,215
142,233,142,234
142,256,142,258
142,261,142,263
142,272,142,273
142,294,142,295
142,314,142,316
142,324,142,325
143,69,143,70
143,96,143,99
143,129,143,130
143,143,143,143
143,160,143,160
143,178,143,178
143,212,143,215
143,233,143,233
143,258,143,259
143,263,143,265
143,271,143,272
143,294,143,294
143,311,143,314
143,324,143,324
144,69,144,69
144,88,144,88
144,95,144,97
144,128,144,129
144,143,144,144
144,160,144,160
144,178,144,178
144,214,144,215
144,232,144,233
144,259,144,261
144,265,144,268
144,271,144,272
144,293,144,294
144,308,144,311
144,324,144,324
145,69,145,69
145,87,145,87
145,93,145,95
145,127,145,128
145,144,145,145
145,160,145,160
145,178,145,178
145,214,145,214
145,232,145,233
145,261,145,262
145,267,145,271
145,293,145,293
145,306,145,309
145,324,145,324
146,69,146,69
146,87,146,87
146,91,146,93
146,126,146,127
146,145,146,145
146,160,146,161
146,178,146,178
146,214,146,214
146,232,146,232
146,262,146,264
146,269,146,270
146,293,146,293
146,301,146,306
146,324,146,324
147,69,147,69
147,87,147,92
147,125,147,126
147,145,147,146
147,160,147,160
147,178,147,179
147,214,147,214
147,232,147,233
147,264,147,265
147,269,147,270
147,292,147,293
147,298,147,302
147,305,147,306
147,323,147,324
148,69,148,69
148,87,148,89
148,124,148,125
148,146,148,146
148,160,148,161
148,178,148,179
148,214,148,214
148,232,148,232
148,265,148,266
148,268,148,269
148,292,148,299
148,305,148,305
148,323,148,324
149,69,149,69
149,87,149,88
149,122,149,124
149,146,149,147
149,160,149,160
149,178,149,179
149,213,149,214
149,232,149,232
149,266,149,268
149,291,149,294
149,305,149,305
149,323,149,324
150,69,150,69
150,87,150,88
150,121,150,123
150,146,150,152
150,160,150,160
150,179,150,179
150,214,150,214
150,232,150,233
150,268,150,269
150,291,150,291
150,305,150,306
150,323,150,323
151,69,151,70
151,87,151,87
151,120,151,121
151,124,151,125
151,147,151,148
151,150,151,150
151,152,151,156
151,160,151,161
151,163,151,163
151,179,151,179
151,213,151,214
151,232,151,235
151,269,151,270
151,290,151,291
151,305,151,305
151,323,151,324
152,69,152,70
152,87,152,88
152,118,152,120
152,124,152,125
152,148,152,148
152,155,152,161
152,179,152,179
152,213,152,214
152,232,152,232
152,234,152,237
152,270,152,272
152,290,152,290
152,305,152,305
152,323,152,324
153,69,153,69
153,87,153,88
153,117,153,118
153,123,153,126
153,148,153,149
153,159,153,163
153,179,153,180
153,214,153,214
153,232,153,232
153,237,153,239
153,271,153,272
153,289,153,290
153,305,153,305
153,323,153,323
154,69,154,69
154,88,154,88
154,115,154,117
154,122,154,126
154,148,154,149
154,162,154,165
154,179,154,179
154,214,154,214
154,232,154,232
154,239,154,241
154,272,154,274
154,289,154,289
154,304,154,305
154,323,154,323
155,68,155,70
155,88,155,88
155,114,155,116
155,119,155,121
155,126,155,127
155,149,155,149
155,165,155,168
155,179,155,180
155,213,155,214
155,232,155,232
155,241,155,243
155,271,155,271
155,274,155,274
155,288,155,289
155,305,155,305
155,323,155,323
156,67,156,70
156,88,156,89
156,112,156,114
156,118,156,120
156,127,156,128
156,149,156,150
156,167,156,170
156,179,156,179
156,214,156,214
156,232,156,232
156,242,156,244
156,275,156,276
156,287,156,288
156,304,156,305
156,323,156,323
157,65,157,67
157,69,157,70
157,88,157,89
157,110,157,112
157,116,157,118
157,127,157,128
157,150,157,150
157,170,157,173
157,179,157,180
157,214,157,214
157,232,157,233
157,244,157,246
157,275,157,276
157,287,157,287
157,305,157,305
157,322,157,323
158,63,158,65
158,70,158,70
158,89,158,89
158,109,158,110
158,114,158,116
158,128,158,129
158,150,158,151
158,172,158,175
158,179,158,180
158,214,158,214
158,232,158,232
158,246,158,248
158,276,158,277
158,286,158,287
158,304,158,304
158,322,158,323
159,62,159,64
159,70,159,71
159,89,159,90
159,107,159,109
159,112,159,114
159,129,159,130
159,150,159,151
159,175,159,177
159,180,159,180
159,214,159,215
159,232,159,233
159,248,159,250
159,277,159,278
159,285,159,286
159,304,159,305
159,322,159,322
160,60,160,62
160,70,160,71
160,90,160,91
160,105,160,107
160,111,160,112
160,129,160,130
160,151,160,151
160,176,160,180
160,214,160,214
160,233,160,233
160,250,160,251
160,276,160,276
160,278,160,279
160,285,160,285
160,304,160,305
160,322,160,322
161,59,161,60
161,71,161,71
161,90,161,91
161,103,161,105
161,109,161,111
161,130,161,130
161,151,161,152
161,180,161,181
161,214,161,215
161,233,161,233
161,251,161,253
161,279,161,280
161,284,161,285
161,304,161,304
161,322,161,322
162,58,162,59
162,71,162,71
162,91,162,91
162,100,162,103
162,108,162,109
162,130,162,131
162,151,162,152
162,181,162,184
162,214,162,215
162,233,162,234
162,253,162,254
162,280,162,280
162,283,162,284
162,304,162,304
162,321,162,322
163,57,163,58
163,71,163,71
163,91,163,92
163,97,163,100
163,106,163,108
163,131,163,131
163,151,163,152
163,183,163,185
163,215,163,215
163,234,163,234
163,254,163,256
163,280,163,283
163,304,163,304
163,321,163,322
164,55,164,57
164,71,164,72
164,92,164,92
164,95,164,98
164,105,164,106
164,131,164,132
164,152,164,153
164,185,164,187
164,215,164,216
164,234,164,234
164,255,164,257
164,281,164,282
164,303,164,304
164,321,164,322
165,54,165,55
165,71,165,72
165,92,165,95
165,104,165,105
165,132,165,132
165,153,165,153
165,187,165,189
165,215,165,216
165,234,165,235
165,254,165,258
165,282,165,283
165,303,165,304
165,321,165,321
166,52,166,54
166,72,166,72
166,93,166,94
166,103,166,104
166,132,166,133
166,153,166,153
166,189,166,190
166,215,166,216
166,234,166,235
166,254,166,254
166,258,166,259
166,283,166,283
166,303,166,303
166,321,166,321
167,51,167,52
167,72,167,73
167,93,167,94
167,101,167,103
167,132,167,133
167,153,167,154
167,190,167,192
167,216,167,216
167,235,167,235
167,253,167,254
167,259,167,260
167,283,167,284
167,303,167,303
167,320,167,321
168,50,168,52
168,72,168,73
168,93,168,94
168,100,168,101
168,133,168,134
168,153,168,154
168,191,168,194
168,216,168,216
168,235,168,236
168,252,168,253
168,260,168,262
168,283,168,284
168,303,168,303
168,320,168,321
169,49,169,50
169,73,169,73
169,94,169,95
169,99,169,100
169,133,169,134
169,153,169,154
169,194,169,195
169,216,169,217
169,236,169,237
169,251,169,252
169,261,169,262
169,284,169,285
169,302,169,303
169,320,169,320
170,48,170,49
170,73,170,74
170,95,170,96
170,98,170,99
170,134,170,134
170,154,170,154
170,195,170,196
170,217,170,217
170,237,170,237
170,251,170,251
170,262,170,263
170,285,170,285
170,302,170,303
170,320,170,320
171,47,171,48
171,73,171,74
171,96,171,98
171,131,171,134
171,154,171,155
171,196,171,197
171,217,171,218
171,237,171,238
171,250,171,251
171,263,171,264
171,285,171,286
171,302,171,302
171,319,171,320
172,46,172,47
172,74,172,74
172,96,172,97
172,128,172,132
172,134,172,134
172,154,172,160
172,198,172,199
172,218,172,218
172,238,172,238
172,249,172,250
172,264,172,265
172,285,172,286
172,302,172,302
172,319,172,320
173,45,173,46
173,74,173,75
173,94,173,96
173,126,173,128
173,135,173,135
173,154,173,155
173,158,173,166
173,199,173,200
173,218,173,219
173,238,173,239
173,249,173,249
173,265,173,265
173,286,173,286
173,301,173,302
173,319,173,319
174,44,174,45
174,73,174,75
174,93,174,95
174,123,174,126
174,135,174,135
174,155,174,155
174,161,174,162
174,165,174,169
174,200,174,201
174,219,174,219
174,239,174,240
174,248,174,249
174,265,174,266
174,286,174,287
174,301,174,302
174,319,174,319
175,42,175,44
175,71,175,73
175,75,175,76
175,93,175,93
175,121,175,124
175,135,175,136
175,155,175,155
175,161,175,161
175,168,175,172
175,201,175,202
175,219,175,220
175,240,175,241
175,247,175,248
175,266,175,267
175,287,175,287
175,301,175,302
175,318,175,319
176,42,176,43
176,70,176,71
176,75,176,76
176,92,176,93
176,120,176,121
176,135,176,136
176,155,176,155
176,160,176,161
176,171,176,173
176,203,176,204
176,220,176,220
176,241,176,242
176,247,176,248
176,266,176,267
176,287,176,287
176,301,176,301
176,318,176,319
177,40,177,41
177,69,177,70
177,76,177,76
177,91,177,92
177,118,177,120
177,136,177,136
177,155,177,156
177,160,177,161
177,173,177,175
177,203,177,205
177,220,177,221
177,242,177,243
177,247,177,247
177,267,177,267
177,287,177,288
177,300,177,301
177,318,177,318
178,40,178,41
178,68,178,69
178,76,178,77
178,89,178,91
178,116,178,118
178,136,178,136
178,155,178,156
178,160,178,161
178,175,178,177
178,204,178,205
178,221,178,221
178,243,178,244
178,246,178,247
178,267,178,268
178,287,178,288
178,300,178,300
178,318,178,318
179,39,179,40
179,67,179,68
179,77,179,77
179,88,179,90
179,115,179,116
179,136,179,136
179,155,179,156
179,160,179,160
179,176,179,178
179,206,179,207
179,221,179,222
179,244,179,246
179,268,179,268
179,288,179,288
179,300,179,300
179,317,179,318
180,38,180,38
180,65,180,67
180,77,180,78
180,88,180,89
180,113,180,115
180,136,180,136
180,156,180,156
180,160,180,160
180,178,180,180
180,207,180,207
180,222,180,223
180,245,180,246
180,268,180,269
180,287,180,288
180,299,180,300
180,317,180,317
181,64,181,65
181,78,181,78
181,86,181,88
181,112,181,113
181,136,181,137
181,156,181,157
181,160,181,161
181,179,181,182
181,207,181,208
181,223,181,223
181,245,181,246
181,268,181,268
181,288,181,288
181,299,181,300
181,317,181,317
182,63,182,64
182,78,182,79
182,85,182,87
182,111,182,112
182,136,182,137
182,156,182,157
182,160,182,160
182,180,182,183
182,208,182,209
182,223,182,224
182,244,182,245
182,267,182,269
182,288,182,288
182,299,182,299
182,316,182,317
183,35,183,35
183,62,183,63
183,79,183,79
183,85,183,86
183,110,183,111
183,137,183,137
183,156,183,156
183,160,183,160
183,180,183,180
183,183,183,184
183,209,183,210
183,224,183,225
183,244,183,245
183,266,183,269
183,288,183,289
183,298,183,299
183,316,183,317
184,34,184,34
184,62,184,62
184,79,184,80
184,84,184,85
184,109,184,110
184,137,184,137
184,156,184,157
184,160,184,160
184,179,184,180
184,184,184,185
184,210,184,211
184,225,184,226
184,244,184,245
184,266,184,269
184,288,184,288
184,298,184,299
184,316,184,316
185,80,185,81
185,83,185,85
185,107,185,109
185,137,185,137
185,156,185,157
185,160,185,160
185,179,185,180
185,185,185,186
185,211,185,211
185,225,185,226
185,244,185,244
185,265,185,268
185,288,185,288
185,298,185,298
185,315,185,316
186,33,186,33
186,81,186,84
186,106,186,110
186,137,186,137
186,157,186,157
186,160,186,160
186,179,186,180
186,186,186,187
186,211,186,212
186,227,186,227
186,243,186,244
186,265,186,266
186,288,186,288
186,297,186,298
186,315,186,315
187,32,187,33
187,81,187,83
187,105,187,106
187,110,187,110
187,137,187,137
187,156,187,157
187,160,187,160
187,179,187,180
187,187,187,188
187,212,187,213
187,227,187,228
187,243,187,244
187,264,187,265
187,287,187,288
187,297,187,297
187,314,187,315
188,31,188,32
188,81,188,82
188,104,188,105
188,110,188,111
188,136,188,138
188,156,188,157
188,159,188,160
188,179,188,180
188,188,188,189
188,213,188,213
188,228,188,229
188,243,188,244
188,263,188,264
188,287,188,288
188,296,188,297
188,314,188,315
189,31,189,31
189,81,189,81
189,103,189,104
189,112,189,112
189,137,189,137
189,157,189,157
189,159,189,160
189,179,189,179
189,189,189,190
189,213,189,214
189,229,189,230
189,243,189,244
189,263,189,264
189,287,189,288
189,296,189,297
189,314,189,314
190,30,190,31
190,80,190,81
190,102,190,103
190,112,190,114
190,137,190,137
190,157,190,157
190,159,190,160
190,179,190,179
190,190,190,190
190,214,190,215
190,230,190,231
190,243,190,243
190,263,190,263
190,287,190,287
190,296,190,296
190,314,190,314
191,29,191,30
191,79,191,80
191,102,191,103
191,113,191,114
191,137,191,137
191,157,191,157
191,159,191,160
191,179,191,180
191,190,191,191
191,215,191,215
191,231,191,233
191,242,191,243
191,262,191,263
191,286,191,287
191,295,191,296
191,313,191,314
192,28,192,29
192,79,192,79
192,101,192,102
192,114,192,116
192,136,192,137
192,157,192,157
192,159,192,160
192,179,192,179
192,191,192,192
192,215,192,216
192,233,192,234
192,242,192,243
192,262,192,263
192,285,192,286
192,295,192,295
192,312,192,313
193,28,193,28
193,78,193,79
193,100,193,101
193,116,193,117
193,137,193,137
193,157,193,157
193,160,193,160
193,179,193,179
193,192,193,193
193,215,193,216
193,234,193,235
193,242,193,243
193,262,193,263
193,285,193,286
193,294,193,295
193,312,193,313
194,27,194,28
194,51,194,51
194,77,194,78
194,99,194,100
194,117,194,118
194,137,194,137
194,157,194,157
194,159,194,160
194,179,194,179
194,192,194,193
194,216,194,216
194,235,194,236
194,242,194,243
194,262,194,262
194,284,194,285
194,294,194,294
194,312,194,312
195,26,195,27
195,50,195,51
195,76,195,77
195,99,195,100
195,118,195,120
195,136,195,137
195,157,195,157
195,159,195,160
195,179,195,179
195,193,195,193
195,216,195,217
195,236,195,238
195,242,195,243
195,261,195,262
195,283,195,284
195,293,195,294
195,311,195,312
196,26,196,26
196,49,196,50
196,76,196,77
196,98,196,99
196,120,196,121
196,136,196,137
196,157,196,160
196,178,196,179
196,193,196,194
196,217,196,217
196,238,196,239
196,242,196,243
196,262,196,262
196,283,196,283
196,293,196,294
196,311,196,311
197,25,197,26
197,48,197,49
197,75,197,76
197,98,197,98
197,122,197,123
197,136,197,136
197,157,197,157
197,160,197,160
197,178,197,179
197,194,197,194
197,217,197,217
197,239,197,243
197,261,197,262
197,281,197,282
197,292,197,293
197,310,197,311
198,24,198,25
198,47,198,48
198,75,198,75
198,97,198,98
198,123,198,125
198,136,198,137
198,157,198,157
198,160,198,160
198,179,198,179
198,194,198,195
198,217,198,218
198,241,198,243
198,261,198,262
198,280,198,281
198,292,198,293
198,310,198,310
199,24,199,24
199,46,199,47
199,74,199,75
199,96,199,97
199,124,199,126
199,136,199,136
199,157,199,157
199,159,199,160
199,178,199,179
199,195,199,196
199,217,199,218
199,242,199,243
199,261,199,262
199,278,199,280
199,292,199,292
199,309,199,310
200,23,200,24
200,45,200,46
200,74,200,74
200,96,200,96
200,127,200,129
200,136,200,136
200,156,200,157
200,160,200,160
200,178,200,179
200,195,200,196
200,218,200,218
200,242,200,242
200,261,200,262
200,276,200,278
200,291,200,292
200,309,200,310
201,22,201,23
201,44,201,45
201,73,201,74
201,95,201,97
201,129,201,131
201,135,201,136
201,157,201,157
201,160,201,160
201,179,201,179
201,196,201,196
201,218,201,218
201,242,201,243
201,261,201,261
201,273,201,276
201,290,201,291
201,308,201,309
202,22,202,22
202,43,202,44
202,72,202,73
202,95,202,95
202,97,202,98
202,131,202,136
202,156,202,157
202,160,202,160
202,179,202,179
202,196,202,197
202,218,202,218
202,242,202,243
202,261,202,262
202,271,202,274
202,290,202,291
202,308,202,308
203,21,203,22
203,43,203,44
203,72,203,73
203,94,203,95
203,98,203,99
203,134,203,139
203,157,203,157
203,160,203,161
203,178,203,179
203,197,203,197
203,218,203,219
203,242,203,243
203,261,203,262
203,265,203,271
203,289,203,290
203,307,203,308
204,21,204,21
204,42,204,43
204,72,204,72
204,94,204,94
204,99,204,100
204,137,204,142
204,156,204,157
204,160,204,160
204,163,204,163
204,179,204,192
204,197,204,197
204,218,204,219
204,243,204,243
204,261,204,267
204,289,204,289
204,307,204,307
205,20,205,21
205,41,205,42
205,71,205,72
205,93,205,94
205,100,205,101
205,140,205,150
205,152,205,152
205,156,205,157
205,159,205,161
205,179,205,180
205,182,205,182
205,184,205,184
205,187,205,187
205,190,205,198
205,218,205,219
205,242,205,243
205,261,205,262
205,288,205,289
205,307,205,307
206,20,206,20
206,41,206,41
206,65,206,81
206,93,206,93
206,101,206,102
206,145,206,145
206,147,206,161
206,179,206,179
206,195,206,202
206,219,206,219
206,243,206,243
206,261,206,262
206,288,206,288
206,306,206,307
207,19,207,20
207,40,207,41
207,60,207,65
207,67,207,67
207,69,207,69
207,72,207,73
207,75,207,75
207,77,207,86
207,92,207,93
207,102,207,104
207,160,207,161
207,179,207,180
207,200,207,205
207,219,207,219
207,243,207,244
207,262,207,262
207,287,207,288
207,305,207,306
208,18,208,19
208,39,208,40
208,56,208,61
208,83,208,89
208,91,208,93
208,104,208,105
208,160,208,161
208,179,208,180
208,203,208,208
208,219,208,219
208,243,208,243
208,261,208,262
208,286,208,287
208,305,208,305
209,18,209,18
209,39,209,39
209,55,209,57
209,87,209,92
209,105,209,106
209,161,209,162
209,179,209,180
209,206,209,210
209,219,209,219
209,243,209,244
209,262,209,262
209,286,209,286
209,305,209,305
210,17,210,18
210,38,210,39
210,52,210,55
210,92,210,95
210,106,210,108
210,161,210,162
210,179,210,180
210,209,210,212
210,219,210,219
210,243,210,244
210,262,210,262
210,285,210,286
210,304,210,304
211,17,211,17
211,38,211,38
211,51,211,52
211,95,211,98
211,108,211,109
211,161,211,162
211,180,211,180
211,211,211,214
211,218,211,219
211,244,211,244
211,262,211,263
211,284,211,285
211,303,211,304
212,16,212,17
212,37,212,38
212,49,212,51
212,97,212,100
212,109,212,111
212,161,212,162
212,180,212,180
212,213,212,216
212,219,212,219
212,244,212,244
212,262,212,263
212,284,212,285
212,302,212,303
213,16,213,17
213,36,213,37
213,48,213,49
213,100,213,102
213,111,213,113
213,162,213,162
213,180,213,180
213,215,213,219
213,244,213,244
213,263,213,263
213,283,213,284
213,302,213,302
214,15,214,16
214,35,214,36
214,47,214,48
214,102,214,105
214,113,214,115
214,162,214,163
214,217,214,219
214,244,214,245
214,263,214,263
214,282,214,283
214,301,214,302
215,15,215,15
215,35,215,36
215,46,215,47
215,104,215,106
215,115,215,117
215,162,215,163
215,181,215,181
215,219,215,221
215,244,215,245
215,263,215,264
215,281,215,282
215,301,215,301
216,14,216,15
216,35,216,35
216,45,216,46
216,106,216,108
216,116,216,119
216,162,216,163
216,181,216,183
216,220,216,222
216,245,216,245
216,263,216,264
216,281,216,282
216,300,216,301
217,14,217,14
217,34,217,35
217,44,217,45
217,108,217,110
217,119,217,121
217,163,217,164
217,182,217,183
217,222,217,224
217,245,217,245
217,264,217,264
217,280,217,281
217,299,217,300
218,14,218,14
218,34,218,35
218,44,218,44
218,110,218,112
218,121,218,123
218,163,218,164
218,182,218,184
218,224,218,226
218,245,218,246
218,264,218,265
218,279,218,280
218,298,218,299
219,13,219,14
219,34,219,34
219,43,219,44
219,111,219,114
219,123,219,127
219,164,219,164
219,183,219,184
219,226,219,227
219,245,219,246
219,265,219,265
219,278,219,279
219,298,219,299
220,13,220,13
220,33,220,34
220,43,220,43
220,114,220,115
220,125,220,129
220,164,220,165
220,184,220,185
220,227,220,228
220,246,220,246
220,265,220,266
220,277,220,278
220,297,220,298
221,12,221,13
221,33,221,33
221,42,221,43
221,115,221,117
221,125,221,125
221,128,221,133
221,164,221,165
221,184,221,185
221,228,221,229
221,246,221,247
221,266,221,266
221,277,221,277
221,297,221,297
222,12,222,12
222,32,222,33
222,42,222,42
222,117,222,118
222,124,222,125
222,131,222,136
222,165,222,166
222,185,222,186
222,229,222,231
222,246,222,247
222,266,222,267
222,276,222,277
222,296,222,296
223,11,223,12
223,32,223,32
223,41,223,42
223,69,223,76
223,78,223,78
223,118,223,119
223,123,223,124
223,135,223,140
223,165,223,166
223,186,223,187
223,231,223,232
223,247,223,247
223,267,223,267
223,274,223,275
223,295,223,296
224,11,224,12
224,32,224,32
224,41,224,42
224,65,224,70
224,72,224,72
224,74,224,80
224,119,224,123
224,138,224,145
224,166,224,166
224,187,224,189
224,231,224,233
224,247,224,248
224,267,224,268
224,274,224,274
224,294,224,295
225,11,225,11
225,31,225,32
225,41,225,41
225,63,225,66
225,79,225,83
225,121,225,122
225,143,225,154
225,159,225,160
225,163,225,167
225,188,225,194
225,233,225,234
225,248,225,248
225,267,225,268
225,272,225,274
225,293,225,294
226,10,226,11
226,31,226,32
226,41,226,41
226,61,226,63
226,82,226,86
226,121,226,122
226,147,226,148
226,151,226,151
226,153,226,165
226,167,226,168
226,190,226,198
226,234,226,235
226,248,226,248
226,268,226,269
226,271,226,272
226,293,226,293
227,10,227,10
227,31,227,31
227,40,227,41
227,61,227,62
227,83,227,84
227,86,227,88
227,120,227,121
227,146,227,147
227,167,227,168
227,197,227,202
227,235,227,236
227,248,227,249
227,269,227,271
227,292,227,293
228,9,228,10
228,30,228,31
228,41,228,41
228,60,228,61
228,83,228,83
228,88,228,90
228,119,228,120
228,145,228,146
228,168,228,169
228,201,228,205
228,236,228,237
228,249,228,249
228,269,228,270
228,291,228,292
229,9,229,9
229,30,229,31
229,41,229,41
229,60,229,60
229,82,229,83
229,89,229,92
229,118,229,119
229,144,229,145
229,169,229,169
229,204,229,207
229,237,229,238
229,249,229,250
229,290,229,291
230,9,230,9
230,30,230,30
230,40,230,42
230,59,230,60
230,81,230,82
230,92,230,93
230,118,230,118
230,144,230,144
230,169,230,170
230,206,230,210
230,238,230,239
230,249,230,250
230,290,230,290
231,8,231,9
231,30,231,30
231,41,231,41
231,58,231,59
231,81,231,82
231,94,231,95
231,117,231,118
231,143,231,144
231,170,231,171
231,209,231,211
231,239,231,240
231,250,231,250
231,289,231,290
232,8,232,8
232,29,232,30
232,41,232,41
232,58,232,59
232,81,232,81
232,95,232,97
232,116,232,117
232,142,232,143
232,171,232,171
232,211,232,213
232,240,232,241
232,250,232,251
232,288,232,289
233,8,233,8
233,29,233,30
233,41,233,41
233,57,233,58
233,80,233,81
233,97,233,99
233,114,233,116
233,141,233,142
233,171,233,172
233,212,233,214
233,241,233,241
233,251,233,251
233,287,233,288
234,7,234,8
234,29,234,30
234,41,234,42
234,56,234,57
234,79,234,80
234,99,234,101
234,113,234,115
234,140,234,141
234,172,234,173
234,210,234,211
234,214,234,215
234,241,234,242
234,252,234,252
234,286,234,287
235,7,235,8
235,29,235,29
235,41,235,42
235,56,235,56
235,78,235,79
235,100,235,102
235,111,235,113
235,139,235,140
235,173,235,174
235,210,235,211
235,215,235,216
235,242,235,243
235,252,235,253
235,285,235,286
236,7,236,7
236,29,236,29
236,41,236,42
236,54,236,55
236,78,236,78
236,102,236,104
236,110,236,112
236,138,236,142
236,174,236,175
236,208,236,210
236,217,236,218
236,243,236,244
236,252,236,253
236,284,236,285
237,6,237,7
237,28,237,29
237,42,237,42
237,54,237,55
237,77,237,78
237,104,237,106
237,108,237,110
237,137,237,138
237,142,237,144
237,175,237,176
237,207,237,208
237,218,237,219
237,244,237,245
237,253,237,253
237,283,237,284
238,6,238,6
238,28,238,29
238,42,238,42
238,53,238,54
238,76,238,77
238,106,238,109
238,136,238,138
238,143,238,146
238,176,238,177
238,206,238,207
238,218,238,220
238,245,238,245
238,254,238,254
238,282,238,283
239,5,239,6
239,28,239,28
239,42,239,43
239,52,239,53
239,75,239,76
239,105,239,107
239,135,239,136
239,146,239,148
239,177,239,179
239,205,239,206
239,220,239,220
239,245,239,246
239,254,239,255
239,281,239,282
240,5,240,6
240,28,240,28
240,43,240,43
240,50,240,52
240,74,240,76
240,103,240,106
240,134,240,136
240,148,240,151
240,179,240,180
240,203,240,205
240,220,240,221
240,246,240,246
240,254,240,255
240,280,240,281
241,5,241,5
241,27,241,28
241,43,241,43
241,48,241,50
241,74,241,75
241,101,241,103
241,133,241,135
241,151,241,154
241,180,241,182
241,201,241,203
241,221,241,222
241,246,241,247
241,255,241,256
241,279,241,280
242,5,242,5
242,27,242,28
242,43,242,44
242,46,242,49
242,73,242,74
242,98,242,102
242,132,242,133
242,153,242,156
242,182,242,185
242,199,242,201
242,222,242,223
242,247,242,248
242,256,242,256
242,278,242,279
243,4,243,5
243,27,243,28
243,43,243,47
243,72,243,73
243,95,243,98
243,131,243,132
243,156,243,159
243,185,243,190
243,193,243,199
243,223,243,224
243,248,243,248
243,256,243,257
243,277,243,278
244,4,244,5
244,27,244,27
244,41,244,45
244,71,244,76
244,89,244,96
244,130,244,132
244,159,244,162
244,188,244,195
244,223,244,224
244,248,244,249
244,257,244,257
244,276,244,277
245,4,245,4
245,27,245,30
245,35,245,35
245,37,245,42
245,70,245,71
245,74,245,90
245,93,245,93
245,128,245,130
245,162,245,166
245,223,245,224
245,249,245,249
245,257,245,258
245,275,245,276
246,4,246,4
246,27,246,38
246,69,246,70
246,82,246,82
246,127,246,129
246,165,246,169
246,218,246,225
246,249,246,250
246,258,246,259
246,274,246,275
247,3,247,4
247,68,247,69
247,126,247,128
247,169,247,174
247,211,247,211
247,213,247,219
247,250,247,250
247,259,247,259
247,272,247,274
248,3,248,4
248,67,248,68
248,125,248,127
248,173,248,180
248,203,248,203
248,205,248,214
248,216,248,216
248,250,248,251
248,259,248,260
248,271,248,272
249,3,249,3
249,66,249,67
249,124,249,125
249,178,249,206
249,208,249,208
249,251,249,251
249,260,249,260
249,270,249,271
250,3,250,3
250,65,250,66
250,122,250,125
250,186,250,186
250,188,250,188
250,190,250,191
250,193,250,194
250,197,250,197
250,199,250,199
250,251,250,252
250,260,250,261
250,269,250,270
251,2,251,3
251,63,251,65
251,121,251,122
251,124,251,126
251,252,251,252
251,261,251,262
251,267,251,269
252,2,252,3
252,62,252,64
252,120,252,121
252,126,252,128
252,252,252,252
252,262,252,263
252,266,252,267
253,2,253,2
253,61,253,62
253,118,253,120
253,128,253,130
253,252,253,253
253,263,253,266
254,2,254,2
254,59,254,61
254,116,254,118
254,130,254,132
254,253,254,253
254,263,254,264
255,1,255,2
255,58,255,60
255,114,255,116
255,132,255,134
255,253,255,254
256,1,256,2
256,57,256,58
256,113,256,115
256,134,256,136
256,253,256,254
257,1,257,2
257,54,257,57
257,111,257,113
257,136,257,139
257,254,257,254
258,1,258,1
258,53,258,58
258,109,258,111
258,139,258,142
258,251,258,254
259,1,259,1
259,51,259,53
259,58,259,60
259,107,259,109
259,141,259,144
259,247,259,251
260,0,260,1
260,49,260,51
260,60,260,62
260,105,260,107
260,144,260,147
260,243,260,248
261,0,261,1
261,47,261,49
261,62,261,65
261,102,261,105
261,147,261,150
261,239,261,244
262,0,262,0
262,44,262,47
262,64,262,66
262,99,262,102
262,149,262,154
262,234,262,240
263,0,263,1
263,41,263,44
263,66,263,70
263,95,263,100
263,153,263,158
263,231,263,236
264,0,264,0
264,39,264,42
264,69,264,74
264,90,264,90
264,92,264,97
264,157,264,163
264,225,264,232
265,0,265,4
265,34,265,39
265,73,265,93
265,162,265,168
265,217,265,217
265,219,265,226
266,2,266,10
266,12,266,12
266,26,266,26
266,30,266,36
266,78,266,78
266,80,266,80
266,83,266,83
266,85,266,85
266,167,266,176
266,209,266,209
266,211,266,221
267,9,267,31
267,172,267,172
267,174,267,213
268,16,268,16
268,18,268,18
268,21,268,21
268,180,268,180
268,185,268,186
268,188,268,189
268,191,268,192
268,194,268,195
268,197,268,198
268,200,268,200
268,203,268,203
